2541
2505
2491
2483
2454
2433
2430
2423
2422
2399
2398
2381
2379
2378
2366
2346
2338
2321
2320
2314
2310
2298
2292
2281
2281
2273
2261
2259
2258
2254
2247
2244
2234
2222
2220
2213
2208
2206
2199
2181
2162
2154
2154
2145
2143
2133
2131
2128
2126
2121
2119
2119
2116
2104
2084
2067
2062
2052
2048
2022
2021
2019
2011
2011
2008
2000
1999
1997
1988
1987
1985
1970
1970
1962
1961
1958
1954
1953
1952
1947
1933
1927
1923
1916
1908
1905
1898
1896
1892
1879
1874
1872
1870
1869
1865
1858
1851
1841
1840
1838
1830
1820
1810
1794
1784
1781
1779
1771
1769
1768
1765
1758
1752
1751
1748
1743
1742
1740
1733
1725
1721
1720
1717
1705
1700
1700
1698
1694
1681
1675
1667
1661
1658
1653
1652
1630
1626
1624
1619
1617
1602
1602
1600
1596
1595
1594
1589
1584
1582
1576
1563
1556
1555
1554
1551
1551
1550
1543
1539
1532
1531
1521
1508
1508
1504
1501
1481
1478
1477
1467
1465
1464
1458
1457
1451
1450
1446
1445
1443
1440
1430
1429
1427
1423
1412
1409
1403
1393
1393
1384
1372
1366
1361
1352
1347
1341
1341
1339
1339
1337
1337
1332
1332
1330
1329
1328
1327
1317
1312
1306
1300
1296
1294
1293
1289
1285
1283
1279
1273
1264
1247
1242
1242
1234
1231
1226
1217
1215
1214
1214
1212
1208
1199
1195
1191
1191
1188
1188
1187
1185
1181
1181
1177
1168
1163
1158
1158
1156
1155
1149
911
856
851
844
837
835
835
834
834
832
831
830
824
824
822
820
820
818
818
817
817
816
816
815
814
813
813
809
809
808
807
807
807
804
803
801
801
801
800
800
799
799
799
799
798
797
796
796
795
795
795
794
794
794
794
794
793
793
792
792
790
789
789
789
788
788
788
788
788
788
787
787
786
786
786
785
783
783
783
783
782
782
782
782
781
781
780
780
780
779
779
778
778
778
777
777
777
777
777
777
777
777
777
776
776
776
776
776
775
775
773
773
773
772
772
772
771
771
771
771
770
770
770
769
769
769
768
768
767
767
767
766
766
766
765
765
765
765
765
765
765
764
764
764
764
764
764
763
763
762
762
762
761
761
761
761
761
760
760
760
759
758
758
758
758
758
758
758
757
757
757
757
757
757
756
756
756
756
756
755
755
755
754
754
754
754
754
752
751
751
751
751
751
751
750
750
750
750
749
748
748
748
748
748
748
747
747
747
746
746
746
746
745
745
745
745
745
745
745
744
744
744
744
744
744
743
743
743
743
743
743
743
743
742
742
742
741
741
740
739
739
739
739
739
739
738
738
738
738
738
