4950
4075
4047
3762
3749
3385
2873
2572
2567
2545
2538
2402
2379
2358
2340
2322
2313
2279
2239
2174
2145
2123
2098
2068
2038
2029
1993
1986
1970
1968
1949
1932
1905
1891
1871
1859
1846
1829
1810
1793
1790
1720
1713
1704
1703
1699
1697
1687
1676
1662
1658
1628
1611
1602
1596
1588
1587
1571
1552
1552
1546
1490
1475
1465
1460
1454
1450
1443
1433
1398
1398
1383
1377
1358
1352
1350
1347
1343
1338
1336
1328
1328
1323
1318
1311
1299
1290
1285
1274
1244
1244
1243
1232
1229
1228
1226
1222
1212
1207
1195
1171
1167
1166
1164
1156
1145
1144
1135
1134
1123
1122
1105
1099
1088
1087
1084
1071
1068
1066
1064
1005
1000
998
986
976
976
974
972
971
967
957
946
945
945
942
930
920
916
911
908
904
902
898
883
864
860
856
831
827
820
816
813
804
802
776
774
752
750
746
739
726
722
720
716
715
710
705
701
685
683
677
676
671
671
664
664
660
658
658
656
636
634
632
631
629
615
613
611
605
604
604
600
600
599
596
593
590
586
585
583
581
573
572
569
568
564
560
554
549
548
540
537
531
531
529
527
522
521
520
518
514
502
502
500
500
499
499
498
492
487
487
485
478
475
474
472
471
471
469
468
464
460
455
454
452
451
450
442
438
437
3903
3816
3764
3610
3587
3419
3310
3281
3088
3031
2855
2795
2784
2745
2725
2486
2451
2448
2420
2417
2399
2390
2389
2388
2386
2358
2351
2339
2330
2324
2295
2285
2281
2237
2232
2223
2219
2216
2204
2202
2198
2185
2178
2178
2175
2173
2172
2168
2162
2161
2160
2159
2144
2139
2130
2117
2102
2091
2086
2081
2069
2062
2060
2048
2042
2032
2027
2027
2026
2023
2017
2015
2013
2012
2008
2002
1997
1990
1988
1984
1957
1954
1953
1953
1949
1946
1941
1940
1939
1932
1928
1926
1923
1922
1917
1915
1912
1903
1900
1897
1888
1882
1881
1880
1871
1870
1863
1862
1858
1856
1856
1850
1849
1846
1844
1842
1841
1841
1840
1840
1835
1835
1831
1829
1826
1822
1820
1815
1815
1814
1809
1808
1807
1806
1806
1804
1801
1799
1788
1787
1787
1784
1784
1775
1772
1764
1761
1759
1756
1756
1755
1754
1752
1735
1732
1730
1730
1725
1723
1720
1718
1718
1716
1715
1715
1711
1710
1707
1707
1700
1693
1693
1691
1690
1690
1690
1685
1685
1685
1681
1681
1681
1681
1680
1679
1674
1673
1668
1668
1666
1665
1664
1661
1658
1657
1652
1649
1649
1648
1647
1646
1639
1639
1638
1637
1635
1634
1633
1631
1631
1628
1628
1626
1626
1623
1622
1620
1618
1617
1615
1613
1613
1600
1599
1597
1590
1588
1587
1587
1583
1579
1577
1577
1577
1575
1574
1572
1571
1569
1568
1567
1567
1565
1565
1560
1558
1558
1557
1555
1551
