53700
50880
50203
49514
49399
48067
47793
47099
45774
44450
42751
42553
41751
41729
41356
41354
40188
39988
39660
39465
39405
39266
39204
38718
37987
37789
37766
37479
37445
37444
37104
36910
36475
36021
36010
35868
35843
35789
35673
35469
35336
35095
34085
33802
33643
33096
32530
31980
31952
31249
30830
30742
29875
29717
29395
29162
28884
28749
28426
28197
28128
27951
27951
27601
27565
27332
27304
27195
26226
26035
25855
25785
24865
24554
24545
24239
24080
24017
23533
23296
23121
22961
22915
22711
22525
22034
21987
21836
21714
21690
21459
21430
21413
21372
21337
20953
20849
20776
20522
20499
20486
20396
20282
20185
19946
19907
19881
19844
19758
19741
19660
19623
19537
19473
19322
19202
19117
19094
19080
18894
18820
18721
18660
18655
18623
18562
18383
18373
18349
18341
18314
18283
18241
18209
18114
17924
17873
17800
17775
17773
17761
17709
17508
17435
17429
17426
17403
17387
17279
17234
17197
17179
17076
17003
16948
16933
16897
16832
16745
16726
16693
16607
16570
16556
16368
16336
16291
16230
16229
16200
16175
16111
15957
15923
15821
15819
15809
15793
15787
15777
15729
15669
15558
15545
15517
15492
15479
15460
15399
15354
15322
15288
15280
15269
15258
15258
15143
15140
15131
15126
15091
15056
14948
14921
14909
14895
14845
14821
14811
14771
14739
14722
14670
14638
14514
14498
14480
14423
14381
14357
14338
14319
14254
14242
14237
14234
14204
14203
14200
14187
14167
14160
14159
14137
14096
14092
14000
13999
13996
13994
13922
13910
13905
13902
13899
13833
13773
13769
13747
13742
35725
34697
34285
34065
33345
32821
32652
32176
31628
31551
31531
31457
31254
30977
30819
30049
29925
29579
29151
29130
29048
28732
28685
28676
28652
28557
27929
27632
27552
27491
26918
26886
26796
26658
26469
26441
26351
26134
26064
25984
25942
25856
25787
25740
25546
25524
25489
25286
25285
25204
25050
25010
24949
24899
24840
24781
24759
24683
24565
24548
24528
24493
24454
24268
24223
24201
24149
24138
24095
24017
23974
23903
23853
23786
23775
23701
23661
23660
23612
23568
23533
23484
23484
23473
23434
23332
23320
23263
23215
23206
23197
23184
23049
22896
22892
22865
22847
22811
22797
22755
22750
22743
22725
22709
22662
22626
22617
22547
22450
22418
22402
22373
22364
22358
22348
22342
22321
22277
22261
22248
22175
22053
22003
21991
21963
21956
21842
21832
21816
21776
21719
21629
21622
21604
21590
21583
21570
21566
21548
21537
21529
21472
21458
21423
21418
21397
21394
21368
21353
21347
21257
21237
21171
21165
21153
21136
21117
21104
21103
21081
21062
21032
21021
21015
21013
20993
20965
20896
20869
20853
20775
20757
20723
20678
20671
20668
20667
20632
20617
20593
20588
20588
20575
20574
20567
20549
20508
20504
20495
20491
20477
20357
20342
20329
20309
20265
20251
20209
20197
20184
20178
20172
20168
20115
20082
20051
20004
19873
19861
19836
19789
19726
19711
19704
19654
19623
19597
19593
19522
19515
19512
19498
19497
19466
19455
19416
19356
19355
19350
19340
19322
19302
19292
19289
19235
19220
19203
19192
19189
19174
19173
19148
19131
19113
19112
19102
19087
19056
19054
19015
