10654
9935
9666
9154
9068
8877
8549
8504
8301
7944
7675
7581
7400
7077
7072
7065
7012
6911
6609
6542
6470
6466
6291
6231
6030
6022
5991
5972
5889
5720
5664
5627
5623
5553
5493
5426
5405
5209
5207
5096
5095
5073
5059
5023
4951
4932
4778
4768
4756
4706
4679
4662
4629
4539
4520
4402
4362
4331
4290
4280
4252
4215
4182
4148
4133
4032
4003
3936
3916
3909
3812
3808
3802
3792
3691
3636
3631
3627
3555
3526
3512
3506
3498
3473
3451
3412
3384
3363
3245
3242
3205
3202
3196
3180
3171
3154
3093
3064
3059
2999
2989
2972
2953
2943
2943
2936
2912
2893
2877
2842
2833
2831
2786
2749
2748
2745
2711
2710
2691
2677
2670
2635
2632
2613
2596
2549
2542
2519
2518
2516
2513
2495
2480
2471
2470
2433
2414
2412
2365
2357
2356
2354
2298
2298
2263
2249
2233
2232
2214
2200
2190
2179
2179
2165
2161
2139
2125
2097
2092
2062
2058
2057
2050
2026
2018
1997
1980
1963
1915
1899
1894
1876
1868
1853
1821
1820
1817
1788
1780
1778
1772
1766
1763
1762
1751
1743
1731
1719
1680
1676
1668
1662
1653
1648
1636
1635
1620
1609
1594
1585
1576
1575
1565
1544
1538
1536
1534
1532
1532
1531
1487
1481
1473
1467
1466
1465
1465
1461
1459
1442
1431
1424
1416
1415
1383
1381
1374
1358
1329
1328
1319
1315
1315
1293
1293
1286
1277
1276
1256
1239
1226
1226
1225
1222
1207
1196
1195
1195
1188
1172
9836
9427
8983
8975
8800
8793
8610
8438
8415
8415
8352
8315
8228
8220
8196
8187
8176
8051
7911
7902
7895
7600
7595
7589
7579
7572
7546
7534
7524
7517
7512
7511
7407
7406
7369
7330
7316
7312
7295
7166
7161
7033
7020
7015
7013
7009
7007
7005
7004
6999
6994
6990
6989
6984
6974
6854
6852
6852
6852
6833
6831
6829
6806
6740
6693
6597
6553
6552
6548
6543
6517
6510
6482
6479
6441
6430
6421
6416
6413
6413
6412
6406
6401
6393
6392
6384
6371
6370
6369
6297
6291
6290
6240
6220
6207
6178
6178
6170
6161
6150
6142
6133
6129
6122
6061
5994
5986
5977
5971
5968
5966
5965
5955
5955
5950
5947
5947
5946
5943
5934
5932
5932
5927
5920
5916
5914
5909
5898
5894
5893
5890
5872
5858
5856
5849
5843
5841
5841
5836
5825
5815
5808
5802
5792
5788
5777
5759
5752
5691
5688
5668
5666
5664
5649
5625
5618
5605
5601
5599
5596
5596
5590
5587
5584
5583
5583
5577
5572
5570
5563
5563
5555
5552
5551
5544
5543
5540
5539
5537
5537
5535
5516
5501
5501
5498
5493
5493
5481
5468
5453
5450
5447
5442
5440
5439
5431
5421
5417
5415
5415
5412
5397
5396
5392
5379
5374
5369
5364
5362
5354
5353
5343
5337
5325
5314
5312
5292
5273
5266
5259
5245
5206
5199
5193
5172
5167
5166
5162
5160
5158
5154
5147
5139
5138
5133
5131
5129
5129
5126
5125
5114
5113
5100
5068
5058
5048
5042
5041
5035
5035
