5726
5352
4215
3190
2967
2637
2628
2467
2457
2311
2251
2168
2106
1940
1889
1849
1701
1687
1683
1462
1424
1424
1419
1419
1413
1379
1374
1355
1353
1311
1295
1280
1268
1256
1229
1229
1228
1225
1218
1216
1207
1202
1198
1144
1131
1130
1117
1116
1106
1101
1090
1081
1071
1033
980
972
970
967
948
943
930
922
880
872
868
867
862
856
851
844
824
822
820
793
774
754
741
731
730
727
726
716
711
699
687
680
654
652
649
636
634
631
623
621
619
613
612
604
602
596
588
584
578
574
568
560
549
547
543
539
528
528
522
494
492
489
477
475
473
472
470
469
468
466
462
455
448
444
444
442
438
429
426
424
422
413
412
412
401
400
393
392
391
380
376
373
371
369
359
345
344
340
340
339
337
336
335
332
331
329
326
324
324
322
311
311
303
302
292
290
287
283
278
276
276
276
276
275
273
272
271
269
263
259
259
255
249
243
237
236
230
230
226
226
215
208
207
206
205
200
199
194
193
191
190
184
183
183
180
179
177
175
174
169
163
163
163
161
160
155
154
152
145
142
138
135
134
131
126
118
117
115
114
113
112
107
106
99
94
89
86
85
84
79
78
77
77
76
75
73
2573
2567
2368
2359
2356
2258
2210
2171
2122
2108
2069
2021
2013
1980
1931
1836
1822
1815
1813
1788
1718
1710
1607
1602
1601
1599
1589
1500
1472
1470
1466
1422
1412
1410
1410
1407
1391
1387
1379
1378
1350
1344
1328
1307
1304
1301
1292
1270
1265
1254
1253
1252
1248
1245
1243
1228
1226
1221
1220
1218
1218
1215
1210
1205
1203
1203
1203
1203
1203
1201
1199
1198
1196
1196
1193
1190
1189
1186
1185
1176
1171
1171
1171
1169
1169
1168
1167
1166
1164
1161
1159
1155
1152
1149
1147
1145
1142
1137
1137
1134
1133
1131
1127
1122
1122
1121
1119
1117
1117
1115
1114
1113
1113
1112
1109
1107
1105
1105
1102
1099
1090
1090
1088
1084
1083
1082
1081
1081
1079
1079
1078
1075
1073
1070
1069
1068
1067
1066
1065
1064
1062
1060
1057
1056
1054
1054
1052
1051
1050
1046
1045
1043
1042
1042
1042
1040
1040
1038
1038
1034
1027
1024
1024
1022
1021
1020
1019
1017
1016
1015
1013
1011
1009
1009
1008
1008
1008
1005
1004
999
993
991
991
989
988
987
987
986
984
983
980
980
980
978
978
978
976
974
973
971
970
970
969
969
968
967
966
966
963
962
962
962
961
959
958
957
955
954
953
952
950
950
947
945
944
944
944
944
943
943
942
940
939
939
939
939
938
936
935
935
933
932
932
931
930
929
929
927
927
925
